Sec,Queue,Dynamic
0,10.299756,51.498780
0.066667,9.724068,14.811420
0.133333,9.550056,9.480900
0.200000,9.697140,16.751460
0.266667,9.834636,15.782460
0.333333,9.922968,8.402760
0.400000,10.046592,13.862820
0.466667,10.101468,13.172280
0.533333,10.130232,6.117960
0.600000,9.905220,13.276320
0.666667,9.672252,11.995200
0.733333,9.577188,6.781980
0.800000,9.339324,10.865040
0.866667,9.276900,10.753860
0.933333,9.303828,6.391320
1.000000,9.440508,10.396860
1.066667,9.506400,10.078620
1.133333,9.598404,6.661620
1.200000,9.724068,9.515580
1.266667,9.493344,9.580860
1.333333,9.600240,6.485160
1.400000,9.639204,9.710400
1.466667,9.736716,9.599220
1.533333,9.837288,6.349500
1.600000,9.869316,9.695100
1.666667,10.188372,10.407060
1.733333,10.273032,6.618780
1.800000,10.479276,10.591680
1.866667,10.715508,10.834440
1.933333,10.825872,6.770760
2.000000,10.939908,11.088420
2.066667,11.001924,10.818120
2.133333,11.070876,6.718740
2.200000,11.067000,10.373400
2.266667,11.115552,10.369320
2.333333,11.115348,6.550440
2.400000,11.157984,9.701220
2.466667,11.170020,9.287100
2.533333,11.191848,6.622860
2.600000,11.242440,9.255480
2.666667,11.242032,8.786280
2.733333,11.221428,6.314820
2.800000,11.289360,8.354820
2.866667,11.292624,8.232420
2.933333,11.210616,5.778300
3.000000,11.253864,7.903980
3.066667,11.275488,8.026380
3.133333,11.340768,5.240760
3.200000,11.287728,7.682640
3.266667,11.293644,7.229760
3.333333,11.313840,4.774620
3.400000,11.343828,7.470480
3.466667,11.439912,7.644900
3.533333,11.517024,4.003500
3.600000,11.708784,7.573500
3.666667,11.895648,7.535760
3.733333,12.045384,3.227280
3.800000,12.140856,7.187940
3.866667,12.249384,6.265860
3.933333,12.324864,3.316020
4.000000,12.451752,6.506580
4.066667,12.546204,7.326660
4.133333,12.469704,3.050820
4.200000,12.545796,6.261780
4.266667,12.574152,4.714440
4.333333,12.610056,2.232780
4.400000,12.773460,3.683220
4.466667,12.918708,4.090200
4.533333,12.980112,2.076720
4.600000,12.756936,4.068780
4.666667,12.874440,4.057560
4.733333,12.964608,2.334780
4.800000,13.082316,4.731780
4.866667,13.177992,4.977600
4.933333,13.161876,3.132420
5.000000,13.206348,5.840520
5.066667,13.159632,5.786460
5.133333,13.137600,2.831520
5.200000,13.143924,6.239340
5.266667,13.242048,6.570840
5.333333,13.380156,4.328880
5.400000,13.587216,7.569420
5.466667,13.780403,8.722020
5.533333,13.854456,5.080620
5.600000,14.268576,10.776300
5.666667,14.682696,11.459700
5.733333,14.867315,6.043500
5.800000,15.291229,10.926240
5.866667,15.617832,11.848320
5.933333,15.853248,6.817680
6.000000,16.070712,12.741840
6.066667,16.225139,13.266120
6.133333,16.333056,8.423160
6.200000,16.399152,14.045400
6.266667,15.952595,13.699620
6.333333,16.016448,7.680600
6.400000,16.110696,12.735720
6.466667,16.217795,12.142080
6.533333,16.344888,7.909080
6.600000,16.411187,12.410340
6.666667,16.538483,12.024780
6.733333,16.771248,7.769340
6.800000,16.932408,11.961540
6.866667,16.979736,12.322620
6.933333,17.065416,7.773420
7.000000,17.061539,12.479700
7.066667,17.047464,12.686760
7.133333,17.107032,8.366040
7.200000,17.393448,14.807340
7.266667,17.733312,14.484000
7.333333,17.978112,8.524140
7.400000,18.296963,13.831200
7.466667,18.587256,14.085180
7.533333,18.673752,8.741400
7.600000,19.019123,14.963400
7.666667,19.101949,16.544400
7.733333,19.197216,10.030680
7.800000,19.363475,17.227800
7.866667,19.412640,17.260440
7.933333,19.313904,10.730400
8.000000,19.300643,16.343460
8.066667,19.253520,16.481160
8.133333,19.306560,10.226520
8.200000,19.311661,16.937100
8.266666,19.366333,16.855500
8.333333,19.395504,9.999060
8.400000,19.424269,16.882020
8.466666,19.557072,17.131920
8.533334,19.606440,10.513140
8.600000,19.709869,17.031960
8.666667,19.801667,16.442400
8.733334,19.838797,9.770580
8.800000,19.853075,15.729420
8.866667,19.935491,15.355080
8.933333,19.929779,8.605740
9.000000,20.022192,15.180660
9.066667,20.033821,13.348740
9.133333,20.049731,7.090020
9.200000,20.081149,13.155960
9.266666,20.170296,13.079460
9.333333,20.188451,6.334200
9.400000,20.156627,12.338940
9.466666,20.174989,10.136760
9.533334,20.208240,4.998000
9.600000,20.021784,9.333000
9.666667,20.118888,8.141640
9.733334,20.191309,4.075920
9.800000,20.282291,8.737320
9.866667,20.187840,8.225280
9.933333,20.114400,4.078980
10.000000,20.024029,7.211400
10.066667,19.819213,7.135920
10.133333,19.816560,3.767880
10.200000,19.657848,7.539840
10.266666,19.534632,6.695280
10.333333,19.521576,3.291540
10.400000,19.354296,6.789120
10.466666,19.230061,6.686100
10.533334,19.158048,2.510220
10.600000,19.205581,5.423340
10.666667,19.129488,5.942520
10.733334,19.088483,2.473500
10.800000,19.053600,5.999640
10.866667,18.890605,5.404980
10.933333,18.877549,2.302140
11.000000,18.842051,4.121820
11.066667,18.844296,4.688940
11.133333,18.817571,2.280720
11.200000,18.715981,4.635900
11.266666,18.241272,5.065320
11.333333,18.241885,2.214420
11.400000,18.199859,4.569600
11.466666,18.143149,3.964740
11.533334,18.127235,1.453500
11.600000,18.126013,3.674040
11.666667,18.096840,3.515940
11.733334,18.097859,1.193400
11.800000,17.972605,3.476160
11.866667,17.929357,3.277260
11.933333,17.948941,0.739500
12.000000,17.960160,3.063060
12.066667,17.928541,2.968200
12.133333,17.953021,0.740520
12.200000,18.038701,2.930460
12.266666,18.037680,2.583660
12.333333,18.005856,0.847620
12.400000,17.906304,1.980840
12.466666,17.895696,1.854360
12.533334,17.938536,0.321300
12.600000,17.977091,1.147500
12.666667,17.983824,1.389240
12.733334,17.981784,0.530400
12.800000,17.906304,1.064880
12.866667,17.905896,0.779280
12.933333,17.941597,0.670140
13.000000,17.918952,0.719100
13.066667,18.010141,0.671160
13.133333,18.012384,0.437580
13.200000,18.034008,1.124040
13.266666,18.048696,1.242360
13.333333,18.095208,0.400860
13.400000,18.141312,1.328040
13.466666,18.200675,0.808860
13.533334,18.218832,0.179520
13.600000,18.279827,0.591600
13.666667,18.219240,1.118940
13.733334,18.192109,0.328440
13.800000,18.208835,0.977160
13.866667,18.168035,0.715020
13.933333,18.186192,0.192780
14.000000,18.306552,0.461040
14.066667,18.324096,0.425340
14.133333,18.267792,0.316200
14.200000,18.190680,0.951660
14.266666,18.191904,0.934320
14.333333,18.140496,0.353940
14.400000,18.109080,0.825180
14.466666,18.121728,0.213180
14.533334,18.151920,0.000000
14.600000,17.870195,0.413100
14.666667,17.861424,0.248880
14.733334,17.913648,0.159120
14.800000,17.813075,0.831300
14.866667,17.834088,0.398820
14.933333,17.854691,0.030600
15.000000,17.870400,0.016320
15.066667,17.814912,0.077520
15.133333,17.835517,0.011220
15.200000,17.827357,0.372300
15.266666,17.805936,0.670140
15.333333,17.795939,0.264180
15.400000,17.811240,0.542640
15.466666,17.891005,0.665040
15.533334,17.978928,0.337620
15.600000,18.114995,1.198500
15.666667,18.038291,1.252560
15.733334,17.969544,0.656880
15.800000,17.862240,1.605480
15.866667,17.645184,1.654440
15.933333,17.515235,0.695640
16.000000,17.432003,1.554480
16.066668,17.448120,2.023680
16.133333,17.443224,1.461660
16.200001,17.533800,2.068560
16.266666,17.340205,2.258280
16.333334,17.376925,1.085280
16.400000,17.443632,1.756440
16.466667,17.501976,1.769700
16.533333,17.453424,0.921060
16.600000,17.433432,1.131180
16.666666,17.408339,0.781320
16.733334,17.397731,0.395760
16.799999,17.402832,0.771120
16.866667,17.413848,0.596700
16.933332,17.406096,0.171360
17.000000,17.469336,0.593640
17.066668,17.462605,0.593640
17.133333,17.473213,0.189720
17.200001,17.486880,0.429420
17.266666,17.526253,0.309060
17.333334,17.566440,0.094860
17.400000,17.563584,0.165240
17.466667,17.582147,0.177480
17.533333,17.556035,0.006120
17.600000,17.555832,0.554880
17.666666,17.543389,0.488580
17.733334,17.546653,0.079560
17.799999,17.554813,0.567120
17.866667,17.560320,0.557940
17.933332,17.346120,0.225420
18.000000,17.349997,0.343740
18.066668,17.398141,0.368220
18.133333,17.417112,0.058140
18.200001,17.405280,0.573240
18.266666,17.418336,0.961860
18.333334,17.444448,0.534480
18.400000,17.430576,1.347420
18.466667,17.527272,2.284800
18.533333,17.565011,1.231140
18.600000,17.637840,2.204220
18.666666,17.834904,2.689740
18.733334,17.888352,2.178720
18.799999,18.031152,3.173220
18.866667,18.245352,3.395580
18.933332,18.338784,2.021640
19.000000,18.525648,3.009000
19.066668,18.741683,3.165060
19.133333,18.743315,2.479620
19.200001,18.593171,3.331320
19.266666,18.353880,2.797860
19.333334,18.298800,1.487160
19.400000,18.152531,2.096100
19.466667,17.962200,1.829880
19.533333,17.889168,0.897600
19.600000,17.549304,1.527960
19.666666,17.391408,1.062840
19.733334,17.309808,0.537540
19.799999,17.167619,0.618120
19.866667,17.067864,0.226440
19.933332,17.057053,0.009180
20.000000,17.037264,0.034680
20.066668,17.047056,0.055080
20.133333,17.036856,0.022440
20.200001,17.056848,0.141780
20.266666,17.110093,0.194820
20.333334,17.172312,0.105060
20.400000,17.182717,0.252960
20.466667,17.351219,0.571200
20.533333,17.394061,0.554880
20.600000,17.392429,0.769080
20.666666,17.534003,1.050600
20.733334,17.572968,0.523260
20.799999,17.647224,1.356600
20.866667,17.779619,1.552440
20.933332,17.828579,0.547740
21.000000,17.815320,1.183200
21.066668,17.711280,0.795600
21.133333,17.680477,0.454920
21.200001,17.591736,0.769080
21.266666,17.284717,1.304580
21.333334,17.286349,0.607920
21.400000,17.327149,0.837420
21.466667,17.322048,0.725220
21.533333,17.327149,0.470220
21.600000,17.349587,0.739500
21.666666,17.404669,0.499800
Time taken by function in seconds:
12.019391
