Sec,Queue,Dynamic
0,9.321780,46.608900
0.066667,9.321780,46.608900
0.133333,9.321780,46.608900
0.200000,9.321780,46.608900
0.266667,9.257316,38.682480
0.333333,9.257316,38.682480
0.400000,9.257316,38.682480
0.466667,9.257316,38.682480
0.533333,9.595548,32.911320
0.600000,9.595548,32.911320
0.666667,9.595548,32.911320
0.733333,9.595548,32.911320
0.800000,9.073716,37.749180
0.866667,9.073716,37.749180
0.933333,9.073716,37.749180
1.000000,9.073716,37.749180
1.066667,9.455808,29.322960
1.133333,9.455808,29.322960
1.200000,9.455808,29.322960
1.266667,9.455808,29.322960
1.333333,9.566580,21.288420
1.400000,9.566580,21.288420
1.466667,9.566580,21.288420
1.533333,9.566580,21.288420
1.600000,9.864624,22.424700
1.666667,9.864624,22.424700
1.733333,9.864624,22.424700
1.800000,9.864624,22.424700
1.866667,10.720812,23.906760
1.933333,10.720812,23.906760
2.000000,10.720812,23.906760
2.066667,10.720812,23.906760
2.133333,11.050068,22.757220
2.200000,11.050068,22.757220
2.266667,11.050068,22.757220
2.333333,11.050068,22.757220
2.400000,11.143296,23.190720
2.466667,11.143296,23.190720
2.533333,11.143296,23.190720
2.600000,11.143296,23.190720
2.666667,11.195724,20.886540
2.733333,11.195724,20.886540
2.800000,11.195724,20.886540
2.866667,11.195724,20.886540
2.933333,11.157372,17.530740
3.000000,11.157372,17.530740
3.066667,11.157372,17.530740
3.133333,11.157372,17.530740
3.200000,11.242032,16.777980
3.266667,11.242032,16.777980
3.333333,11.242032,16.777980
3.400000,11.242032,16.777980
3.466667,11.488872,15.606000
3.533333,11.488872,15.606000
3.600000,11.488872,15.606000
3.666667,11.488872,15.606000
3.733333,12.246120,15.333660
3.800000,12.246120,15.333660
3.866667,12.246120,15.333660
3.933333,12.246120,15.333660
4.000000,12.751836,15.280620
4.066667,12.751836,15.280620
4.133333,12.751836,15.280620
4.200000,12.751836,15.280620
4.266667,12.635964,15.680460
4.333333,12.635964,15.680460
4.400000,12.635964,15.680460
4.466667,12.635964,15.680460
4.533333,12.959916,10.362180
4.600000,12.959916,10.362180
4.666667,12.959916,10.362180
4.733333,12.959916,10.362180
4.800000,13.075788,9.447240
4.866667,13.075788,9.447240
4.933333,13.075788,9.447240
5.000000,13.075788,9.447240
5.066667,13.160448,12.491940
5.133333,13.160448,12.491940
5.200000,13.160448,12.491940
5.266667,13.160448,12.491940
5.333333,13.414224,13.081500
5.400000,13.414224,13.081500
5.466667,13.414224,13.081500
5.533333,13.414224,13.081500
5.600000,14.291424,18.439560
5.666667,14.291424,18.439560
5.733333,14.291424,18.439560
5.800000,14.291424,18.439560
5.866667,15.724320,25.001220
5.933333,15.724320,25.001220
6.000000,15.724320,25.001220
6.066667,15.724320,25.001220
6.133333,16.430771,27.781740
6.200000,16.430771,27.781740
6.266667,16.430771,27.781740
6.333333,16.430771,27.781740
6.400000,16.209024,32.336040
6.466667,16.209024,32.336040
6.533333,16.209024,32.336040
6.600000,16.209024,32.336040
6.666667,16.630691,28.878240
6.733333,16.630691,28.878240
6.800000,16.630691,28.878240
6.866667,16.630691,28.878240
6.933333,17.196589,24.893100
7.000000,17.196589,24.893100
7.066667,17.196589,24.893100
7.133333,17.196589,24.893100
7.200000,17.623968,31.342560
7.266667,17.623968,31.342560
7.333333,17.623968,31.342560
7.400000,17.623968,31.342560
7.466667,18.856128,34.918680
7.533333,18.856128,34.918680
7.600000,18.856128,34.918680
7.666667,18.856128,34.918680
7.733333,19.440792,33.620220
7.800000,19.440792,33.620220
7.866667,19.440792,33.620220
7.933333,19.440792,33.620220
8.000000,19.535651,38.905860
8.066667,19.535651,38.905860
8.133333,19.535651,38.905860
8.200000,19.535651,38.905860
8.266666,19.602768,37.205520
8.333333,19.602768,37.205520
8.400000,19.602768,37.205520
8.466666,19.602768,37.205520
8.533334,19.876536,33.481500
8.600000,19.876536,33.481500
8.666667,19.876536,33.481500
8.733334,19.876536,33.481500
8.800000,20.119704,37.047420
8.866667,20.119704,37.047420
8.933333,20.119704,37.047420
9.000000,20.119704,37.047420
9.066667,20.259648,33.607980
9.133333,20.259648,33.607980
9.200000,20.259648,33.607980
9.266666,20.259648,33.607980
9.333333,20.444472,28.001040
9.400000,20.444472,28.001040
9.466666,20.444472,28.001040
9.533334,20.444472,28.001040
9.600000,20.274541,27.787860
9.666667,20.274541,27.787860
9.733334,20.274541,27.787860
9.800000,20.274541,27.787860
9.866667,20.416525,24.206640
9.933333,20.416525,24.206640
10.000000,20.416525,24.206640
10.066667,20.416525,24.206640
10.133333,19.999549,17.603160
10.200000,19.999549,17.603160
10.266666,19.999549,17.603160
10.333333,19.999549,17.603160
10.400000,19.523821,20.300040
10.466666,19.523821,20.300040
10.533334,19.523821,20.300040
10.600000,19.523821,20.300040
10.666667,19.284936,16.428120
10.733334,19.284936,16.428120
10.800000,19.284936,16.428120
10.866667,19.284936,16.428120
10.933333,19.010557,14.593140
11.000000,19.010557,14.593140
11.066667,19.010557,14.593140
11.133333,19.010557,14.593140
11.200000,18.829200,14.796120
11.266666,18.829200,14.796120
11.333333,18.829200,14.796120
11.400000,18.829200,14.796120
11.466666,18.272280,14.648220
11.533334,18.272280,14.648220
11.600000,18.272280,14.648220
11.666667,18.272280,14.648220
11.733334,18.239437,10.625340
11.800000,18.239437,10.625340
11.866667,18.239437,10.625340
11.933333,18.239437,10.625340
12.000000,18.148451,10.841580
12.066667,18.148451,10.841580
12.133333,18.148451,10.841580
12.200000,18.148451,10.841580
12.266666,18.165792,9.285060
12.333333,18.165792,9.285060
12.400000,18.165792,9.285060
12.466666,18.165792,9.285060
12.533334,18.032173,6.556560
12.600000,18.032173,6.556560
12.666667,18.032173,6.556560
12.733334,18.032173,6.556560
12.800000,18.019523,5.486580
12.866667,18.019523,5.486580
12.933333,18.019523,5.486580
13.000000,18.019523,5.486580
13.066667,18.135600,4.216680
13.133333,18.135600,4.216680
13.200000,18.135600,4.216680
13.266666,18.135600,4.216680
13.333333,18.213325,3.045720
13.400000,18.213325,3.045720
13.466666,18.213325,3.045720
13.533334,18.213325,3.045720
13.600000,18.397741,3.197700
13.666667,18.397741,3.197700
13.733334,18.397741,3.197700
13.800000,18.397741,3.197700
13.866667,18.294925,2.745840
13.933333,18.294925,2.745840
14.000000,18.294925,2.745840
14.066667,18.294925,2.745840
14.133333,18.418344,1.734000
14.200000,18.418344,1.734000
14.266666,18.418344,1.734000
14.333333,18.418344,1.734000
14.400000,18.245760,2.669340
14.466666,18.245760,2.669340
14.533334,18.245760,2.669340
14.600000,18.245760,2.669340
14.666667,17.991576,1.696260
14.733334,17.991576,1.696260
14.800000,17.991576,1.696260
14.866667,17.991576,1.696260
14.933333,17.964445,1.863540
15.000000,17.964445,1.863540
15.066667,17.964445,1.863540
15.133333,17.964445,1.863540
15.200000,17.933640,1.348440
15.266666,17.933640,1.348440
15.333333,17.933640,1.348440
15.400000,17.933640,1.348440
15.466666,18.046656,2.182800
15.533334,18.046656,2.182800
15.600000,18.046656,2.182800
15.666667,18.046656,2.182800
15.733334,18.125603,3.270120
15.800000,18.125603,3.270120
15.866667,18.125603,3.270120
15.933333,18.125603,3.270120
16.000000,17.584800,3.284400
16.066668,17.584800,3.284400
16.133333,17.584800,3.284400
16.200001,17.584800,3.284400
16.266666,17.398141,2.976360
16.333334,17.398141,2.976360
16.400000,17.398141,2.976360
16.466667,17.398141,2.976360
16.533333,17.504627,2.389860
16.600000,17.504627,2.389860
16.666666,17.504627,2.389860
16.733334,17.504627,2.389860
16.799999,17.513603,1.899240
16.866667,17.513603,1.899240
16.933332,17.513603,1.899240
17.000000,17.513603,1.899240
17.066668,17.595203,1.537140
17.133333,17.595203,1.537140
17.200001,17.595203,1.537140
17.266666,17.595203,1.537140
17.333334,17.681904,1.533060
17.400000,17.681904,1.533060
17.466667,17.681904,1.533060
17.533333,17.681904,1.533060
17.600000,17.693736,1.498380
17.666666,17.693736,1.498380
17.733334,17.693736,1.498380
17.799999,17.693736,1.498380
17.866667,17.666605,1.960440
17.933332,17.666605,1.960440
18.000000,17.666605,1.960440
18.066668,17.666605,1.960440
18.133333,17.487085,1.382100
18.200001,17.487085,1.382100
18.266666,17.487085,1.382100
18.333334,17.487085,1.382100
18.400000,17.592144,2.829480
18.466667,17.592144,2.829480
18.533333,17.592144,2.829480
18.600000,17.592144,2.829480
18.666666,18.103165,5.791560
18.733334,18.103165,5.791560
18.799999,18.103165,5.791560
18.866667,18.103165,5.791560
18.933332,18.724547,6.820740
19.000000,18.724547,6.820740
19.066668,18.724547,6.820740
19.133333,18.724547,6.820740
19.200001,19.094400,9.151440
19.266666,19.094400,9.151440
19.333334,19.094400,9.151440
19.400000,19.094400,9.151440
19.466667,18.446904,7.293000
19.533333,18.446904,7.293000
19.600000,18.446904,7.293000
19.666666,18.446904,7.293000
19.733334,17.701693,5.355000
19.799999,17.701693,5.355000
19.866667,17.701693,5.355000
19.933332,17.701693,5.355000
20.000000,17.236368,3.480240
20.066668,17.236368,3.480240
20.133333,17.236368,3.480240
20.200001,17.236368,3.480240
20.266666,17.210867,1.598340
20.333334,17.210867,1.598340
20.400000,17.210867,1.598340
20.466667,17.210867,1.598340
20.533333,17.478109,1.547340
20.600000,17.478109,1.547340
20.666666,17.478109,1.547340
20.733334,17.478109,1.547340
20.799999,17.603160,3.352740
20.866667,17.603160,3.352740
20.933332,17.603160,3.352740
21.000000,17.603160,3.352740
21.066668,17.811037,2.708100
21.133333,17.811037,2.708100
21.200001,17.811037,2.708100
21.266666,17.811037,2.708100
21.333334,17.382227,2.769300
21.400000,17.382227,2.769300
21.466667,17.382227,2.769300
21.533333,17.382227,2.769300
21.600000,17.426088,2.816220
21.666666,17.426088,2.816220
Time taken by function in seconds: 
6.502878
