Sec,Queue,Dynamic
0,9.509664,47.548320
0.066667,9.045768,13.996440
0.133333,9.011496,8.615940
0.200000,9.078000,15.459120
0.266667,9.239364,14.709420
0.333333,9.392976,6.841140
0.400000,9.578004,11.853420
0.466667,9.503748,12.205320
0.533333,9.525576,6.109800
0.600000,9.226104,12.786720
0.666667,8.990280,11.676960
0.733333,8.943360,6.556560
0.800000,8.862576,10.523340
0.866667,8.982936,10.265280
0.933333,9.015372,6.310740
1.000000,9.160620,10.127580
1.066667,9.231408,9.899100
1.133333,9.310356,6.504540
1.200000,9.452952,9.320760
1.266667,9.238548,9.346260
1.333333,9.336876,6.295440
1.400000,9.390936,9.581880
1.466667,9.474372,9.491100
1.533333,9.572904,6.234240
1.600000,9.679596,9.694080
1.666667,9.977232,10.324440
1.733333,10.050876,6.520860
1.800000,10.227132,10.557000
1.866667,10.488252,10.808940
1.933333,10.596168,6.759540
2.000000,10.715916,11.022120
2.066667,10.780380,10.797720
2.133333,10.840764,6.667740
2.200000,10.819548,10.248960
2.266667,10.862796,10.282620
2.333333,10.879524,6.532080
2.400000,10.919712,9.651240
2.466667,10.929912,9.167760
2.533333,10.952352,6.608580
2.600000,11.002944,9.092280
2.666667,10.976628,8.625120
2.733333,10.971936,6.269940
2.800000,11.038236,8.166120
2.866667,11.032728,8.016180
2.933333,10.965204,5.619180
3.000000,11.033544,7.755060
3.066667,11.066796,7.848900
3.133333,11.102088,5.211180
3.200000,11.059452,7.569420
3.266667,11.060880,7.137960
3.333333,11.091276,4.709340
3.400000,11.102496,7.315440
3.466667,11.315472,7.975380
3.533333,11.405028,4.493100
3.600000,11.605764,8.540460
3.666667,11.857908,8.286480
3.733333,12.051096,3.575100
3.800000,12.248976,7.662240
3.866667,12.419112,6.803400
3.933333,12.520092,4.005540
4.000000,12.717360,7.353180
4.066667,12.755100,8.104920
4.133333,12.654324,3.447600
4.200000,12.595776,7.078800
4.266667,12.533964,5.602860
4.333333,12.497652,2.662200
4.400000,12.590064,3.829080
4.466667,12.660240,3.862740
4.533333,12.726132,2.043060
4.600000,12.539676,3.873960
4.666667,12.630456,3.925980
4.733333,12.726948,2.231760
4.800000,12.854040,4.605300
4.866667,12.970320,4.733820
4.933333,12.964200,3.127320
5.000000,13.019688,5.841540
5.066667,13.000920,5.637540
5.133333,12.998268,2.853960
5.200000,13.014996,6.450480
5.266667,13.159632,7.033920
5.333333,13.261836,4.621620
5.400000,13.469712,7.734660
5.466667,13.595987,8.920920
5.533333,13.683096,4.943940
5.600000,14.147400,11.022120
5.666667,14.571517,11.224080
5.733333,14.725536,5.918040
5.800000,15.180864,10.899720
5.866667,15.535416,12.133920
5.933333,15.797760,6.813600
6.000000,16.044600,13.033560
6.066667,16.307555,13.197780
6.133333,16.366717,8.611860
6.200000,16.398336,14.161680
6.266667,15.898536,13.917900
6.333333,15.946680,7.817280
6.400000,16.079891,12.959100
6.466667,16.177200,12.533760
6.533333,16.248397,8.026380
6.600000,16.329384,12.648000
6.666667,16.443011,12.288960
6.733333,16.637424,8.020260
6.800000,16.791853,12.030900
6.866667,16.847544,12.394020
6.933333,16.957907,7.867260
7.000000,16.938120,12.753060
7.066667,16.979123,13.164120
7.133333,17.093363,9.046380
7.200000,17.412624,15.202080
7.266667,17.759629,14.768580
7.333333,17.999736,8.712840
7.400000,18.297984,14.253480
7.466667,18.588685,14.598240
7.533333,18.675181,8.996400
7.600000,18.994643,15.522360
7.666667,19.090931,16.877940
7.733333,19.209661,10.240800
7.800000,19.358579,17.466480
7.866667,19.389792,17.001360
7.933333,19.316352,10.568220
8.000000,19.262701,16.014000
8.066667,19.225571,16.343460
8.133333,19.250867,10.136760
8.200000,19.293299,16.832040
8.266666,19.346136,16.867740
8.333333,19.396525,9.975600
8.400000,19.421005,16.824900
8.466666,19.575024,16.988100
8.533334,19.629288,10.416240
8.600000,19.767805,17.020740
8.666667,19.845936,16.359780
8.733334,19.835123,9.495180
8.800000,19.872253,15.706980
8.866667,19.931616,15.416280
8.933333,19.955075,8.448660
9.000000,20.048304,15.064380
9.066667,20.035248,13.470120
9.133333,20.052589,7.010460
9.200000,20.091144,13.112100
9.266666,20.196000,12.897900
9.333333,20.187229,6.271980
9.400000,20.123987,12.373620
9.466666,20.151325,10.137780
9.533334,20.188656,4.927620
9.600000,20.013421,9.351360
9.666667,20.059728,8.278320
9.733334,20.120928,4.037160
9.800000,20.191920,8.661840
9.866667,20.120317,8.310960
9.933333,20.057280,3.986160
10.000000,19.953853,7.261380
10.066667,19.737816,7.262400
10.133333,19.747200,3.717900
10.200000,19.556051,7.719360
10.266666,19.457725,6.772800
10.333333,19.422637,3.277260
10.400000,19.219248,7.038000
10.466666,19.116840,6.773820
10.533334,19.048909,2.582640
10.600000,19.079101,5.664060
10.666667,19.008515,6.045540
10.733334,18.985261,2.594880
10.800000,18.893053,6.461700
10.866667,18.742499,5.738520
10.933333,18.725976,2.350080
11.000000,18.735360,4.270740
11.066667,18.708637,4.818480
11.133333,18.679056,2.258280
11.200000,18.592968,4.791960
11.266666,18.105000,5.224440
11.333333,18.108672,2.262360
11.400000,18.079296,4.889880
11.466666,18.021768,4.099380
11.533334,18.063997,1.468800
11.600000,18.047880,3.839280
11.666667,18.013608,3.745440
11.733334,18.003408,1.214820
11.800000,17.894675,3.654660
11.866667,17.859587,3.435360
11.933333,17.872032,0.722160
12.000000,17.910179,3.075300
12.066667,17.885293,3.028380
12.133333,17.895901,0.694620
12.200000,17.949144,3.049800
12.266666,17.940781,2.696880
12.333333,17.899981,0.846600
12.400000,17.829192,2.097120
12.466666,17.796960,1.871700
12.533334,17.844493,0.261120
12.600000,17.864077,1.163820
12.666667,17.881824,1.318860
12.733334,17.896717,0.502860
12.800000,17.811443,1.083240
12.866667,17.797776,0.766020
12.933333,17.846328,0.697680
13.000000,17.817360,0.731340
13.066667,17.900797,0.679320
13.133333,17.882232,0.464100
13.200000,17.910995,1.179120
13.266666,17.940576,1.188300
13.333333,17.974237,0.426360
13.400000,18.018912,1.239300
13.466666,18.073992,0.791520
13.533334,18.096024,0.156060
13.600000,18.171912,0.558960
13.666667,18.120707,1.086300
13.733334,18.108061,0.345780
13.800000,18.133152,1.001640
13.866667,18.092352,0.714000
13.933333,18.110304,0.194820
14.000000,18.217405,0.467160
14.066667,18.244944,0.465120
14.133333,18.183539,0.312120
14.200000,18.103368,0.943500
14.266666,18.108264,0.891480
14.333333,18.059304,0.347820
14.400000,18.021155,0.807840
14.466666,18.028499,0.199920
14.533334,18.061752,0.000000
14.600000,17.775949,0.450840
14.666667,17.782883,0.286620
14.733334,17.837555,0.168300
14.800000,17.734333,0.832320
14.866667,17.745960,0.372300
14.933333,17.755344,0.037740
15.000000,17.759424,0.014280
15.066667,17.717808,0.061200
15.133333,17.746368,0.006120
15.200000,17.729027,0.354960
15.266666,17.706995,0.666060
15.333333,17.712096,0.273360
15.400000,17.731475,0.512040
15.466666,17.818176,0.656880
15.533334,17.906915,0.353940
15.600000,18.058691,1.222980
15.666667,17.964035,1.206660
15.733334,17.908957,0.688500
15.800000,17.809405,1.589160
15.866667,17.600509,1.655460
15.933333,17.478925,0.674220
16.000000,17.387123,1.540200
16.066668,17.400179,2.020620
16.133333,17.409565,1.405560
16.200001,17.501976,2.097120
16.266666,17.220659,2.267460
16.333334,17.276352,1.147500
16.400000,17.325312,1.818660
16.466667,17.384064,1.804380
16.533333,17.346120,0.961860
16.600000,17.314093,1.152600
16.666666,17.304707,0.818040
16.733334,17.298384,0.421260
16.799999,17.302872,0.796620
16.866667,17.308787,0.627300
16.933332,17.287368,0.183600
17.000000,17.394467,0.633420
17.066668,17.391613,0.613020
17.133333,17.396915,0.182580
17.200001,17.402424,0.448800
17.266666,17.442000,0.330480
17.333334,17.480963,0.117300
17.400000,17.491776,0.168300
17.466667,17.514216,0.177480
17.533333,17.489736,0.009180
17.600000,17.507075,0.530400
17.666666,17.467091,0.522240
17.733334,17.467704,0.102000
17.799999,17.465053,0.576300
17.866667,17.465053,0.477360
17.933332,17.237795,0.206040
18.000000,17.223720,0.328440
18.066668,17.250648,0.336600
18.133333,17.282064,0.067320
18.200001,17.321640,0.581400
18.266666,17.340408,0.948600
18.333334,17.360195,0.477360
18.400000,17.409768,1.761540
18.466667,17.649469,2.938620
18.533333,17.667216,1.837020
18.600000,17.831640,3.203820
18.666666,18.057469,3.626100
18.733334,18.136416,2.838660
18.799999,18.293904,4.784820
18.866667,18.532176,5.399880
18.933332,18.669059,3.433320
19.000000,18.947928,5.076540
19.066668,19.187832,5.623260
19.133333,19.158659,3.909660
19.200001,19.123165,5.281560
19.266666,18.971795,4.319700
19.333334,18.952211,2.300100
19.400000,18.796968,3.195660
19.466667,18.596232,2.708100
19.533333,18.486480,1.620780
19.600000,18.063181,2.533680
19.666666,17.874480,2.179740
19.733334,17.768808,1.114860
19.799999,17.552160,1.701360
19.866667,17.335309,1.034280
19.933332,17.283696,0.425340
20.000000,17.167213,0.555900
20.066668,17.080512,0.288660
20.133333,17.021149,0.205020
20.200001,17.000952,0.282540
20.266666,17.072760,0.253980
20.333334,17.134573,0.110160
20.400000,17.128248,0.308040
20.466667,17.254525,0.748680
20.533333,17.323069,0.708900
20.600000,17.297363,0.891480
20.666666,17.376515,1.077120
20.733334,17.399976,0.499800
20.799999,17.419968,1.326000
20.866667,17.563584,1.353540
20.933332,17.625805,0.415140
21.000000,17.659872,0.879240
21.066668,17.589696,0.595680
21.133333,17.569091,0.449820
21.200001,17.489123,0.760920
21.266666,17.115192,1.304580
21.333334,17.130083,0.595680
21.400000,17.179043,0.899640
21.466667,17.167824,0.697680
21.533333,17.201280,0.470220
21.600000,17.217192,0.763980
21.666666,17.296344,0.488580
Time taken by function: 
8.379067 seconds
